(-88, 74), (-26, 3), (6, -56), (94, 7)
(86, -47), (12, 62), (-51, -41), (-42, -47), (87, -34), (-89, 94)
(35, -40), (38, 46), (10, -90), (-96, -23)
(53, -63), (-69, 83), (-85, -27)
(3, 95), (31, -36), (2, -59), (76, -54), (37, -48), (-22, 71), (74, -95)
(-23, -43), (45, -61), (-86, 65), (59, 33), (83, 3), (-56, 52)
(-25, 31), (-34, -57), (85, -26), (-17, -30), (-20, 30)
(-6, -17), (-9, -91), (-42, 32), (-68, 2), (-72, 95), (59, 73), (-63, 76)
(-86, 44), (-39, 48), (61, -43), (-12, -24)
(-95, 86), (-66, 86), (0, 22), (-13, 97), (27, 82), (44, 31), (-26, 49)
(-50, -30), (41, 24), (5, 15), (57, -72)
(26, -41), (38, -91), (32, 68), (5, -94)
(19, -96), (-29, -2), (-54, -98)
(7, 62), (-54, -45), (-68, 26), (40, 94), (85, -3)
(16, 64), (71, -44), (-52, 58), (67, -41), (-59, 84)
(-35, 59), (-24, 38), (24, 54), (45, -97)
(-77, 39), (-81, 97), (53, 11), (72, -66), (-100, 19), (43, -77)
(-23, 89), (-59, -65), (-37, 55)
(30, 87), (60, 21), (-70, -3), (-13, 79), (-7, -98)
(-51, 82), (46, -33), (77, 44), (74, 2), (36, 86), (32, -41), (21, -60)
(-70, -19), (-14, -4), (-11, -10), (89, -10)
(-64, 78), (-2, 67), (-44, -76)
(41, 97), (33, -6), (-59, -12), (-90, -88), (-4, -40), (60, -82), (26, 98)
(-61, -20), (75, -34), (-95, -7), (97, 13), (-5, -41), (-9, 25)
(98, -54), (-93, -54), (12, 93)
